Software Defect Prediction Summary
====================================

Best Model: Neural Network
F1-Score: 0.9940
Accuracy: 0.9970

Predicted Defects: 109 out of 419 samples

Top 5 Important Features:
1. HALSTEAD_EFFORT
2. NUM_OPERATORS
3. LOC_EXECUTABLE
4. HALSTEAD_ERROR_EST
5. HALSTEAD_VOLUME

Defective Sample Indices:
8, 14, 16, 17, 18, 19, 22, 30, 35, 47, 51, 61, 63, 71, 72, 78, 89, 92, 96, 99, 102, 106, 112, 114, 118, 123, 133, 134, 135, 137, 138, 139, 142, 148, 160, 161, 163, 164, 167, 171, 172, 174, 175, 177, 180, 183, 186, 190, 191, 192, 201, 204, 218, 226, 228, 233, 234, 238, 241, 242, 248, 251, 256, 257, 259, 262, 271, 274, 275, 282, 285, 290, 291, 292, 293, 295, 296, 297, 298, 301, 302, 307, 308, 312, 316, 317, 319, 323, 335, 336, 337, 338, 341, 345, 349, 351, 360, 362, 365, 373, 383, 384, 388, 389, 393, 396, 404, 409, 412
